%YAML:1.0
---
intrinsic_left: !!opencv-matrix
   rows: 3
   cols: 3
   dt: d
   data: [ 3.1750000944144483e+02, 0., 3.1172754402615857e+02, 0.,
       4.2519715634574601e+02, 2.6580598275244421e+02, 0., 0., 1. ]
distCoeffs_left: !!opencv-matrix
   rows: 1
   cols: 5
   dt: d
   data: [ -1.6578070236449174e-01, 1.7829006670594290e-02,
       -1.7150347107810140e-04, 3.8421561258414544e-04,
       3.5674424867346561e-03 ]
intrinsic_right: !!opencv-matrix
   rows: 3
   cols: 3
   dt: d
   data: [ 3.1790836073509303e+02, 0., 3.1398621547172024e+02, 0.,
       4.2625001184045806e+02, 2.6198778989002949e+02, 0., 0., 1. ]
distCoeffs_right: !!opencv-matrix
   rows: 1
   cols: 5
   dt: d
   data: [ -1.6843547770567882e-01, 2.2796648859553383e-02,
       1.2095153454666941e-04, -2.6159257922235861e-04,
       1.2459317249266064e-03 ]
R: !!opencv-matrix
   rows: 3
   cols: 3
   dt: d
   data: [ 9.9999396534313267e-01, 2.9869666644227102e-03,
       1.7740652364416924e-03, -2.9837195690507693e-03,
       9.9999387396822448e-01, -1.8301485065765598e-03,
       -1.7795209610417465e-03, 1.8248441490955846e-03,
       9.9999675161921442e-01 ]
T: !!opencv-matrix
   rows: 3
   cols: 1
   dt: d
   data: [ -6.1751962295334401e+01, -1.4993143591692112e-01,
       -1.4535152521830447e-01 ]
R_L: !!opencv-matrix
   rows: 3
   cols: 3
   dt: d
   data: [ 9.9997681482564305e-01, 5.4191784086801914e-03,
       4.1233865373784253e-03, -5.4154111774525910e-03,
       9.9998490943471863e-01, -9.2424272618766190e-04,
       -4.1283329493708104e-03, 9.0189146391545677e-04,
       9.9999107168956591e-01 ]
R_R: !!opencv-matrix
   rows: 3
   cols: 3
   dt: d
   data: [ 9.9999428237065791e-01, 2.4279484099215174e-03,
       2.3537825965264806e-03, -2.4300965747938224e-03,
       9.9999663306513786e-01, 9.1021372496960333e-04,
       -2.3515647195275430e-03, -9.1592843973050374e-04,
       9.9999681560416143e-01 ]
P1: !!opencv-matrix
   rows: 3
   cols: 4
   dt: d
   data: [ 4.1555537859195897e+02, 0., 3.0190331268310547e+02, 0., 0.,
       4.1555537859195897e+02, 2.7392612075805664e+02, 0., 0., 0., 1.,
       0. ]
P2: !!opencv-matrix
   rows: 3
   cols: 4
   dt: d
   data: [ 4.1555537859195897e+02, 0., 3.0190331268310547e+02,
       -2.5661506793418270e+04, 0., 4.1555537859195897e+02,
       2.7392612075805664e+02, 0., 0., 0., 1., 0. ]
Q: !!opencv-matrix
   rows: 4
   cols: 4
   dt: d
   data: [ 1., 0., 0., -3.0190331268310547e+02, 0., 1., 0.,
       -2.7392612075805664e+02, 0., 0., 0., 4.1555537859195897e+02, 0.,
       0., 1.6193724785426151e-02, 0. ]
validROIL: [ 0, 0, 640, 480 ]
validROIR: [ 0, 0, 640, 480 ]
